CircleTest
18
4 0
0.1 0.1 0.1 0.4
y
0.1 0.4
0.1 0.4 0.5 0.45
x
0.1 0.5
0.5 0.45 0.5 0.05
y
0.05 0.45
0.5 0.05 0.1 0.1
x
0.1 0.5
#######################
0.1 0.1 0.1 0.4
y
0.1 0.4
0.1 0.4 0.5 0.45
x
0.1 0.5
0.5 0.45 0.5 0.05
y
0.05 0.45
0.5 0.05 0.1 0.1
x
0.1 0.5
#######################
0.1 0.1 0.1 0.4
y
0.1 0.4
0.1 0.4 0.5 0.45
x
0.1 0.5
0.5 0.45 0.5 0.05
y
0.05 0.45
0.5 0.05 0.1 0.1
x
0.1 0.5
#######################
0.1 0.1 0.1 0.4
y
0.1 0.4
0.1 0.4 0.5 0.45
x
0.1 0.5
0.5 0.45 0.5 0.05
y
0.05 0.45
0.5 0.05 0.1 0.1
x
0.1 0.5
#######################
0.1 0.1 0.1 0.4
y
0.1 0.4
0.1 0.4 0.5 0.45
x
0.1 0.5
0.5 0.45 0.5 0.05
y
0.05 0.45
0.5 0.05 0.1 0.1
x
0.1 0.5
#######################
0.1 0.1 0.1 0.4
y
0.1 0.4
0.1 0.4 0.5 0.45
x
0.1 0.5
0.5 0.45 0.5 0.05
y
0.05 0.45
0.5 0.05 0.1 0.1
x
0.1 0.5
#######################
0.1 0.1 0.1 0.4
y
0.1 0.4
0.1 0.4 0.5 0.45
x
0.1 0.5
0.5 0.45 0.5 0.05
y
0.05 0.45
0.5 0.05 0.1 0.1
x
0.1 0.5
#######################
0.1 0.1 0.1 0.4
y
0.1 0.4
0.1 0.4 0.5 0.45
x
0.1 0.5
0.5 0.45 0.5 0.05
y
0.05 0.45
0.5 0.05 0.1 0.1
x
0.1 0.5
#######################
0.1 0.1 0.1 0.4
y
0.1 0.4
0.1 0.4 0.5 0.45
x
0.1 0.5
0.5 0.45 0.5 0.05
y
0.05 0.45
0.5 0.05 0.1 0.1
x
0.1 0.5
#######################
0.1 0.1 0.1 0.4
y
0.1 0.4
0.1 0.4 0.5 0.45
x
0.1 0.5
0.5 0.45 0.5 0.05
y
0.05 0.45
0.5 0.05 0.1 0.1
x
0.1 0.5
#######################
0.1 0.1 0.1 0.4
y
0.1 0.4
0.1 0.4 0.5 0.45
x
0.1 0.5
0.5 0.45 0.5 0.05
y
0.05 0.45
0.5 0.05 0.1 0.1
x
0.1 0.5
#######################
0.1 0.1 0.1 0.4
y
0.1 0.4
0.1 0.4 0.5 0.45
x
0.1 0.5
0.5 0.45 0.5 0.05
y
0.05 0.45
0.5 0.05 0.1 0.1
x
0.1 0.5
#######################
0.1 0.1 0.1 0.4
y
0.1 0.4
0.1 0.4 0.5 0.45
x
0.1 0.5
0.5 0.45 0.5 0.05
y
0.05 0.45
0.5 0.05 0.1 0.1
x
0.1 0.5
#######################
0.1 0.1 0.1 0.4
y
0.1 0.4
0.1 0.4 0.5 0.45
x
0.1 0.5
0.5 0.45 0.5 0.05
y
0.05 0.45
0.5 0.05 0.1 0.1
x
0.1 0.5
#######################
0.1 0.1 0.1 0.4
y
0.1 0.4
0.1 0.4 0.5 0.45
x
0.1 0.5
0.5 0.45 0.5 0.05
y
0.05 0.45
0.5 0.05 0.1 0.1
x
0.1 0.5
#######################
0.1 0.1 0.1 0.4
y
0.1 0.4
0.1 0.4 0.5 0.45
x
0.1 0.5
0.5 0.45 0.5 0.05
y
0.05 0.45
0.5 0.05 0.1 0.1
x
0.1 0.5
#######################
0.1 0.1 0.1 0.4
y
0.1 0.4
0.1 0.4 0.5 0.45
x
0.1 0.5
0.5 0.45 0.5 0.05
y
0.05 0.45
0.5 0.05 0.1 0.1
x
0.1 0.5
#######################
0.1 0.1 0.1 0.4
y
0.1 0.4
0.1 0.4 0.5 0.45
x
0.1 0.5
0.5 0.45 0.5 0.05
y
0.05 0.45
0.5 0.05 0.1 0.1
x
0.1 0.5
#######################
